200
-7457 -583 875 -929 361 732 -523 -757 889 52 -298 -482 -226 -527 357 -868 -649 33 777 729 -137 376 -683 963 603 934 -608 551 -829 -32 388 792 -590 -676 189 536 20 -655 -33 398 831 654 -270 -464 541 119 -16 752 764 283 103 969 -226 -421 869 -505 -337 -445 -170 164 756 -855 -109 -526 -290 -650 47 120 -80 496 606 -540 530 976 470 274 -987 737 -907 307 -915 769 -241 958 -371 -65 -79 969 916 251 -216 -773 398 886 82 700 779 9 920 -34 -320 827 845 -483 -561 546 -538 692 -873 -769 13 613 -747 -661 -412 191 -888 -177 742 419 429 -145 -685 -984 -186 -201 -111 -807 335 -484 -949 -675 -346 832 628 -766 -827 325 61 -773 -231 327 532 -535 -380 -541 -283 922 763 -171 396 11 -753 -961 849 -743 -333 -784 280 362 -268 268 -107 531 324 65 -819 -216 145 -235 847 321 475 -905 -186 461 -559 -925 427 -23 956 432 -45 589 743 450 564 -618 -451 922 -349 892 967 775 -147 -130 632 117 -285 982 
200
891 672 -591 677 -448 606 -559 421 127 820 -290 -277 -475 814 -267 -541 987 190 324 -909 690 -667 523 760 873 439 791 -865 -81 -910 368 247 -81 -251 -223 560 103 -9 137 -983 -284 -284 -160 -51 -595 -97 528 -232 1 -523 -948 35 -549 -986 -601 512 286 -367 391 341 -383 438 15 -713 -190 -497 577 873 -236 131 985 703 -424 168 738 -200 449 786 -914 -778 564 -582 957 -638 -791 432 -739 352 -586 -732 15 887 -366 772 -611 -220 -64 17 979 -258 744 479 -286 151 505 351 508 799 -718 -654 -1327 390 -986 38 555 273 -867 -140 -132 388 6 -108 808 -994 450 10 -734 -836 724 -47 933 468 405 33 332 777 179 -69 -946 -487 -360 185 -17 -90 52 -837 834 888 -12 -25 636 -348 -785 -835 -135 -628 591 914 285 -502 151 -133 810 -952 786 236 137 301 -425 -467 992 -693 881 -889 144 478 -788 74 -747 949 -751 -934 877 145 -281 612 -103 -351 308 -134 21 -779 826 -692 -933 146 118 -777 394 -269 
200
-442 -966 479 392 -806 -259 411 -712 983 744 -60 143 35 -486 -167 -401 506 187 831 167 128 66 -752 666 -520 913 70 -160 -665 616 -43 -728 -324 -641 908 181 778 -849 -547 -77 418 359 -327 -5 563 464 326 28 244 -273 -336 -439 -720 1000 1000 -488 -174 -37 467 287 -434 -4 994 266 444 -305 427 -665 13 26 104 373 675 651 843 237 689 418 -550 796 -188 513 -839 -290 197 81 -302 -637 -347 888 918 -377 977 375 -846 -751 -183 -707 443 916 71 -546 695 243 -663 145 385 -298 -621 459 976 -352 258 513 -930 -43 -315 695 -83 985 -965 -971 -506 -362 -483 113 217 366 920 25 -538 -125 237 161 282 -210 -931 592 795 -747 -193 -312 596 770 -512 -227 -782 648 892 372 -156 -719 -670 853 -725 182 -217 -210 752 195 -929 -144 207 896 -479 -940 -639 -209 -391 968 40 -860 -418 296 229 -28 -464 288 -989 -920 -208 956 645 51 426 -616 -249 -226 -517 -775 -438 82 517 -546 -167 -867 753 -133 -424 -554 
200
-363 -70 616 270 -732 -944 266 -682 -943 25 -264 339 -996 918 970 -677 -815 -985 536 -901 63 973 -227 47 728 -833 360 981 796 893 865 899 -735 328 576 67 -126 -520 -955 -816 820 318 304 -109 -969 689 372 463 382 874 -583 -139 459 -835 583 88 -405 277 -820 -54 -954 883 -377 -535 -145 -380 587 680 -218 203 -440 -938 -85 -85 353 -115 -38 -349 807 273 -994 -661 795 534 338 860 1238 -101 135 -7 -114 -693 -746 558 -347 -457 -978 -41 277 766 -704 502 735 -365 623 -484 -147 578 726 -645 746 -493 775 717 91 615 166 -83 -569 652 799 -540 -205 -881 529 704 917 78 37 470 433 191 460 309 391 -930 -958 -76 -913 642 439 -452 2 -760 52 11 515 -19 852 -880 -370 20 268 -226 902 766 -317 -175 -475 -589 948 -913 300 -599 -207 -107 -580 -957 -252 -392 -775 523 408 -961 11 528 -904 277 -98 -179 847 -796 -51 -198 494 496 756 -5 -255 139 20 423 -323 -473 -962 -648 -758 -386 273 743 
200
610 -117 -172 510 -910 166 -244 71 526 914 -429 14 -203 9 -236 281 117 459 450 706 -48 551 79 319 622 -453 579 604 -818 795 -398 -389 -714 193 13 501 59 890 -929 -654 -734 545 -556 -405 126 -155 18 995 454 -57 -132 -991 -546 -420 -593 286 -757 274 748 -663 234 -266 319 -623 392 -223 -638 -639 219 -783 551 -235 488 -471 -861 -786 -266 172 678 4 -462 -631 -359 978 -755 -748 692 -622 -865 -728 547 -51 428 722 284 -753 279 -67 -133 614 -469 391 -369 -891 -58 83 -694 -57 195 65 -865 -67 -205 437 384 -913 253 310 415 -341 995 419 -976 413 237 -181 -308 -676 -636 962 917 466 805 -829 646 145 -971 987 568 185 463 346 161 -319 -553 -766 87 -196 -741 241 633 -116 743 438 250 823 784 906 839 237 173 -718 774 787 -202 -969 -596 -668 870 875 661 -508 -556 -208 -208 18 296 48 -693 -558 881 10 602 595 -617 462 -975 -481 340 835 70 -305 513 -624 -524 -774 404 -192 -987 720 
200
650 950 635 -108 -565 374 928 272 -987 -292 605 -802 -337 808 116 738 -131 155 -189 -466 -100 776 277 -540 843 448 134 812 490 -565 512 -184 916 -271 990 786 522 -531 -556 -144 -714 84 212 430 704 -58 -428 649 -677 15 525 369 -386 -452 -912 -821 888 -46 -456 706 684 -972 -405 725 -861 -853 433 523 -911 483 120 775 461 -519 879 465 -941 -749 -549 366 -562 -433 -21 -472 674 -521 43 -450 -693 255 -596 778 62 304 -519 497 104 145 620 -362 495 254 32 -836 -459 412 623 797 -95 -448 -861 -75 -100 -432 507 749 457 636 -205 130 -583 -457 -857 962 -565 -879 -422 885 -428 -599 -290 -392 -888 959 108 -42 346 935 -755 46 243 -976 176 -775 504 252 748 692 -882 -372 276 17 909 483 765 390 804 -723 163 -920 -230 -115 -925 -169 -921 -573 329 -438 -864 -444 -656 -154 -76 -116 549 842 -452 346 -213 618 -792 726 697 -352 -744 649 873 -511 2 406 -127 401 -969 460 -195 -117 -796 -884 98 -210 
200
-698 -575 596 -707 -301 -154 -784 242 427 -200 214 254 672 -218 -890 -708 653 686 -147 882 -888 -651 883 232 574 634 -763 829 329 -432 -583 128 -39 877 -35 180 874 -6287 -984 -807 -845 368 203 42 -653 -601 -73 886 983 -974 212 806 671 750 -28 699 -291 -886 209 909 404 -764 -662 -532 636 -354 584 729 -541 -64 266 -771 -450 744 -691 -426 -242 824 -929 752 974 759 -92 -478 -868 -307 -434 -667 412 494 59 -434 222 -315 36 264 -501 -706 741 707 -88 -263 592 -232 -952 199 127 314 8 -649 34 -211 371 -194 141 345 -827 982 -258 439 -440 -357 572 804 422 -476 -395 710 -677 379 934 -268 -668 543 459 759 -753 220 489 209 -181 48 560 418 323 -94 -371 255 -43 942 518 423 475 -793 -202 314 -272 874 988 -182 -22 955 266 915 -306 -126 140 -63 448 591 -946 160 -861 -447 407 -666 -127 265 -500 4 432 425 93 620 312 289 -809 -564 -52 576 -567 988 -819 -540 -209 -135 -597 -406 665 -214 
200
-439 653 -205 927 677 143 95 758 -970 34 279 -632 584 -106 468 204 -688 633 -170 -185 554 21 -608 -450 -912 917 -814 -954 -653 304 -873 863 166 660 -428 553 -128 664 -400 -180 -764 502 -983 406 -881 -164 937 -701 371 -179 -677 -330 -196 745 -748 843 533 -486 106 -681 -338 741 833 364 -489 79 136 225 -128 -163 14 748 -874 -315 -583 -732 -248 676 411 695 374 547 -211 959 926 40 592 -700 -480 -428 -667 -735 -360 646 488 801 -238 -105 -547 16 487 646 -855 -279 -634 310 294 776 -401 -545 -972 -714 466 501 -133 -289 460 -223 -100 -784 432 -132 175 -945 -319 -898 -549 -95 -113 -362 -44 -766 737 923 739 781 -301 906 -125 475 281 -754 302 -963 -371 708 -271 685 402 -988 -200 -143 -557 -688 -844 712 22 257 744 -77 427 613 -484 -229 368 512 -633 -270 778 610 103 -699 -256 -606 -820 797 -248 540 -362 -29 -351 59 685 606 608 527 389 52 769 826 403 -154 -686 986 -490 -63 161 -137 -296 -778 
200
-778 -836 -847 546 497 -803 118 445 814 -209 -684 8 7 -975 -544 614 454 -423 -58 -428 789 151 -967 -910 440 -427 -747 -620 829 693 -701 625 195 -425 649 81 232 127 798 -549 -64 -739 -229 -144 303 -505 992 627 -929 755 38 -75 290 516 -735 -967 111 -528 -795 -858 867 -326 -769 -383 -753 572 763 -357 847 -873 -52 -975 -395 -594 -613 323 -612 376 -488 166 -356 -648 118 -163 -37 -601 -160 -446 341 419 -135 613 393 -587 687 -874 -126 806 -842 -152 455 521 -672 -569 798 -94 -619 -421 -218 -246 714 654 -196 -463 -616 599 198 523 252 -205 -668 732 -886 -783 794 -344 -563 516 -175 826 492 -619 732 -875 571 129 -649 41 174 247 -247 -742 651 -970 -596 806 872 918 -212 91 88 696 -458 -580 -314 -446 -759 -992 943 -228 -782 -512 -946 426 -273 -381 -281 744 616 994 -957 971 635 387 278 190 14477 -730 -902 128 -642 -404 969 457 -778 94 -667 -667 476 -515 -890 101 -364 -396 362 137 80 374 875 -511 
200
-725 114 430 -643 509 -529 689 353 -791 824 -505 48 -611 410 116 -966 -442 -158 -777 662 24 36 -298 -701 -65 256 -861 65 120 273 845 -340 585 747 107 -404 -845 485 -628 -726 -937 384 475 -332 71 456 460 -567 -855 -223 -6233 531 244 674 -702 -65 -737 779 77 -210 530 -958 598 -375 497 -772 30 776 -726 274 369 99 639 -265 608 135 -458 869 880 843 -187 -899 921 -276 -508 790 -853 433 400 -414 -816 130 742 899 278 -27 289 -831 643 -218 -176 912 -396 -555 15 -938 469 9 -744 522 855 -915 -200 827 712 -633 510 554 658 974 39 -805 -495 562 871 -975 -955 -382 -382 -380 693 7 -67 580 302 760 -46 352 946 -46 234 309 277 995 197 214 22 -89 121 -519 944 -915 -579 466 -898 252 609 165 -502 -3 -954 975 859 260 417 -103 -916 -818 216 -708 -672 721 232 218 -590 -238 648 525 926 -917 230 778 -705 387 427 -39 -841 -709 972 868 -402 122 -840 751 159 522 -53 566 197 -872 
0
